Enter size of n*n Matrices
8
Matrix Initialized
Matrix Initialized
Matrix Initialized

 [6]  [1]  [3]  [7]  [10]  [2]  [3]  [7] 
 [0]  [3]  [1]  [3]  [4]  [0]  [3]  [10] 
 [3]  [0]  [10]  [10]  [3]  [2]  [5]  [5] 
 [6]  [6]  [2]  [4]  [4]  [8]  [3]  [0] 
 [4]  [2]  [9]  [3]  [9]  [9]  [3]  [1] 
 [2]  [7]  [10]  [1]  [9]  [10]  [9]  [6] 
 [1]  [4]  [1]  [7]  [1]  [2]  [5]  [3] 
 [5]  [0]  [5]  [9]  [1]  [4]  [4]  [9] 

 [5]  [4]  [7]  [1]  [6]  [0]  [10]  [3] 
 [4]  [1]  [2]  [7]  [5]  [7]  [2]  [0] 
 [5]  [5]  [1]  [10]  [3]  [2]  [5]  [7] 
 [5]  [6]  [4]  [8]  [4]  [7]  [3]  [8] 
 [0]  [7]  [7]  [9]  [9]  [2]  [3]  [6] 
 [9]  [6]  [2]  [1]  [6]  [8]  [9]  [6] 
 [3]  [7]  [5]  [10]  [8]  [0]  [5]  [6] 
 [6]  [2]  [8]  [9]  [2]  [0]  [6]  [6] 

 [-258354439]  [32872]  [1668248396]  [1869837441]  [540674643]  [1869417112]  [1869417218]  [543974983] 
 [129542]  [95]  [540674560]  [1702234883]  [158098898]  [857750077]  [1701667289]  [1226848910] 
 [1919903008]  [157575719]  [1953384966]  [1661627800]  [1818588447]  [539579032]  [540371424]  [542462268] 
 [1699160287]  [1852405263]  [1713403379]  [1818848783]  [1701998599]  [692933818]  [538976481]  [541925562] 
 [540029677]  [840974589]  [1886414353]  [157773678]  [1633880859]  [543516914]  [540162067]  [1879720754] 
 [1194341668]  [1930066773]  [171254036]  [1919118071]  [1702521509]  [857750199]  [1769175685]  [543974019] 
 [1685021663]  [540674520]  [1213014237]  [973670961]  [973694181]  [1930047617]  [171188390]  [1701998567] 
 [825653493]  [1885539046]  [959656663]  [842084153]  [1768710925]  [158558169]  [157575671]  [807418607] 
Matrix deleted
Matrix deleted
Matrix deleted
Total time: 77321ns



