Enter size of n*n Matrices
32
Matrix Initialized
Matrix Initialized
Matrix Initialized

 [3]  [4]  [8]  [9]  [0]  [1]  [7]  [2]  [10]  [3]  [2]  [6]  [1]  [7]  [9]  [4]  [2]  [10]  [9]  [2]  [6]  [6]  [1]  [1]  [6]  [3]  [7]  [9]  [2]  [3]  [4]  [9] 
 [5]  [4]  [9]  [1]  [2]  [3]  [1]  [4]  [9]  [3]  [0]  [1]  [1]  [1]  [5]  [7]  [5]  [1]  [3]  [10]  [0]  [6]  [7]  [1]  [7]  [5]  [8]  [7]  [3]  [4]  [1]  [8] 
 [6]  [3]  [1]  [10]  [5]  [8]  [8]  [9]  [9]  [2]  [6]  [2]  [5]  [6]  [8]  [5]  [7]  [6]  [0]  [9]  [5]  [5]  [4]  [9]  [5]  [6]  [10]  [10]  [7]  [7]  [4]  [3] 
 [5]  [2]  [6]  [9]  [0]  [7]  [4]  [9]  [2]  [8]  [7]  [0]  [1]  [5]  [7]  [7]  [5]  [5]  [5]  [4]  [3]  [8]  [4]  [4]  [7]  [0]  [9]  [5]  [4]  [3]  [4]  [10] 
 [2]  [7]  [4]  [9]  [7]  [1]  [1]  [2]  [8]  [3]  [9]  [0]  [4]  [3]  [5]  [7]  [8]  [9]  [0]  [6]  [8]  [3]  [4]  [1]  [4]  [10]  [8]  [0]  [0]  [9]  [5]  [6] 
 [2]  [9]  [8]  [10]  [0]  [1]  [5]  [6]  [10]  [10]  [1]  [6]  [2]  [1]  [8]  [10]  [3]  [4]  [4]  [5]  [4]  [9]  [8]  [10]  [4]  [1]  [8]  [1]  [6]  [2]  [9]  [1] 
 [1]  [3]  [0]  [6]  [10]  [3]  [1]  [4]  [0]  [1]  [1]  [10]  [2]  [9]  [3]  [9]  [2]  [9]  [5]  [3]  [4]  [0]  [7]  [10]  [6]  [3]  [2]  [8]  [2]  [2]  [3]  [7] 
 [1]  [1]  [10]  [10]  [0]  [7]  [3]  [2]  [3]  [4]  [4]  [1]  [4]  [9]  [5]  [1]  [9]  [0]  [4]  [0]  [5]  [8]  [10]  [3]  [10]  [3]  [8]  [4]  [3]  [6]  [3]  [8] 
 [1]  [3]  [3]  [8]  [10]  [10]  [7]  [2]  [9]  [7]  [7]  [0]  [3]  [2]  [2]  [3]  [6]  [6]  [6]  [4]  [6]  [5]  [0]  [9]  [10]  [0]  [9]  [9]  [8]  [7]  [2]  [8] 
 [9]  [9]  [4]  [1]  [5]  [4]  [1]  [7]  [10]  [3]  [6]  [1]  [3]  [10]  [6]  [7]  [7]  [4]  [3]  [10]  [0]  [0]  [0]  [0]  [5]  [3]  [2]  [0]  [2]  [5]  [9]  [0] 
 [8]  [5]  [2]  [7]  [1]  [4]  [2]  [9]  [4]  [4]  [4]  [8]  [5]  [5]  [6]  [10]  [7]  [2]  [10]  [9]  [9]  [3]  [10]  [5]  [1]  [9]  [1]  [10]  [3]  [0]  [10]  [1] 
 [5]  [9]  [10]  [6]  [5]  [2]  [1]  [2]  [8]  [4]  [1]  [1]  [3]  [5]  [4]  [2]  [3]  [7]  [9]  [0]  [4]  [0]  [6]  [6]  [2]  [5]  [10]  [9]  [9]  [5]  [6]  [9] 
 [10]  [0]  [6]  [2]  [10]  [8]  [8]  [2]  [4]  [1]  [1]  [10]  [4]  [9]  [0]  [7]  [0]  [2]  [4]  [0]  [8]  [0]  [7]  [8]  [0]  [1]  [8]  [2]  [7]  [6]  [3]  [4] 
 [9]  [2]  [1]  [3]  [1]  [4]  [0]  [7]  [5]  [9]  [10]  [3]  [1]  [7]  [3]  [3]  [8]  [4]  [4]  [10]  [8]  [6]  [6]  [4]  [10]  [9]  [8]  [8]  [8]  [7]  [8]  [4] 
 [7]  [4]  [0]  [10]  [6]  [4]  [0]  [0]  [3]  [5]  [0]  [4]  [0]  [6]  [3]  [0]  [2]  [5]  [3]  [5]  [0]  [8]  [2]  [10]  [9]  [8]  [7]  [10]  [4]  [6]  [5]  [3] 
 [0]  [7]  [2]  [10]  [10]  [7]  [9]  [10]  [5]  [5]  [6]  [2]  [9]  [4]  [6]  [7]  [6]  [1]  [10]  [7]  [4]  [8]  [3]  [1]  [0]  [8]  [6]  [5]  [9]  [1]  [8]  [3] 
 [2]  [7]  [7]  [8]  [1]  [8]  [1]  [3]  [4]  [4]  [4]  [3]  [4]  [8]  [5]  [1]  [6]  [2]  [10]  [8]  [5]  [0]  [6]  [9]  [7]  [4]  [10]  [8]  [0]  [9]  [1]  [7] 
 [0]  [10]  [5]  [5]  [6]  [2]  [6]  [5]  [7]  [0]  [0]  [7]  [1]  [0]  [1]  [2]  [6]  [10]  [0]  [5]  [3]  [2]  [7]  [7]  [1]  [2]  [9]  [10]  [0]  [8]  [3]  [3] 
 [3]  [5]  [5]  [6]  [7]  [3]  [6]  [1]  [0]  [8]  [7]  [1]  [7]  [0]  [2]  [6]  [3]  [2]  [6]  [0]  [9]  [0]  [4]  [9]  [3]  [9]  [5]  [0]  [6]  [7]  [5]  [5] 
 [2]  [10]  [2]  [10]  [4]  [0]  [3]  [8]  [5]  [3]  [5]  [4]  [6]  [2]  [4]  [6]  [7]  [3]  [9]  [6]  [4]  [0]  [5]  [0]  [1]  [5]  [1]  [10]  [1]  [1]  [7]  [1] 
 [9]  [1]  [7]  [0]  [8]  [3]  [6]  [9]  [10]  [10]  [0]  [5]  [0]  [0]  [1]  [4]  [9]  [0]  [6]  [8]  [7]  [0]  [9]  [3]  [7]  [6]  [4]  [10]  [6]  [10]  [4]  [5] 
 [5]  [3]  [9]  [10]  [3]  [9]  [2]  [1]  [7]  [1]  [9]  [0]  [5]  [5]  [6]  [8]  [10]  [6]  [9]  [9]  [9]  [0]  [7]  [6]  [1]  [7]  [6]  [5]  [2]  [6]  [9]  [0] 
 [5]  [9]  [3]  [10]  [10]  [6]  [8]  [4]  [2]  [3]  [2]  [5]  [4]  [1]  [7]  [2]  [0]  [6]  [4]  [9]  [4]  [10]  [8]  [9]  [7]  [8]  [6]  [8]  [1]  [8]  [3]  [7] 
 [10]  [10]  [9]  [2]  [1]  [5]  [0]  [4]  [1]  [9]  [1]  [7]  [9]  [6]  [2]  [5]  [0]  [4]  [10]  [7]  [6]  [8]  [6]  [6]  [9]  [10]  [10]  [7]  [1]  [4]  [3]  [10] 
 [10]  [7]  [1]  [2]  [7]  [7]  [0]  [4]  [1]  [6]  [4]  [5]  [9]  [0]  [6]  [5]  [0]  [4]  [3]  [0]  [4]  [8]  [0]  [1]  [3]  [9]  [7]  [1]  [0]  [0]  [6]  [10] 
 [6]  [0]  [0]  [3]  [9]  [8]  [4]  [2]  [3]  [10]  [1]  [3]  [3]  [5]  [6]  [0]  [6]  [4]  [8]  [8]  [3]  [8]  [6]  [10]  [3]  [5]  [0]  [0]  [2]  [5]  [7]  [10] 
 [3]  [0]  [5]  [9]  [5]  [2]  [2]  [8]  [5]  [0]  [8]  [4]  [5]  [7]  [8]  [1]  [6]  [6]  [3]  [7]  [10]  [6]  [2]  [6]  [6]  [8]  [9]  [8]  [8]  [0]  [0]  [4] 
 [10]  [6]  [2]  [5]  [8]  [10]  [4]  [2]  [6]  [4]  [10]  [1]  [6]  [2]  [1]  [9]  [8]  [1]  [6]  [8]  [3]  [0]  [10]  [2]  [5]  [6]  [0]  [5]  [0]  [1]  [3]  [3] 
 [4]  [9]  [0]  [0]  [4]  [7]  [9]  [5]  [7]  [2]  [6]  [8]  [2]  [5]  [10]  [8]  [10]  [4]  [2]  [0]  [9]  [5]  [5]  [8]  [0]  [4]  [6]  [7]  [1]  [6]  [5]  [6] 
 [0]  [3]  [4]  [4]  [3]  [2]  [4]  [1]  [6]  [10]  [2]  [0]  [2]  [8]  [6]  [4]  [5]  [1]  [9]  [8]  [2]  [10]  [7]  [4]  [7]  [7]  [7]  [10]  [10]  [8]  [5]  [2] 
 [0]  [2]  [9]  [10]  [5]  [1]  [8]  [3]  [6]  [8]  [0]  [3]  [2]  [2]  [1]  [6]  [4]  [6]  [0]  [3]  [3]  [0]  [4]  [1]  [2]  [0]  [6]  [1]  [5]  [3]  [8]  [5] 
 [10]  [3]  [9]  [6]  [0]  [6]  [6]  [10]  [4]  [4]  [3]  [7]  [6]  [8]  [6]  [7]  [7]  [5]  [2]  [4]  [4]  [3]  [4]  [2]  [3]  [0]  [6]  [6]  [4]  [5]  [6]  [8] 

 [10]  [2]  [8]  [8]  [8]  [7]  [2]  [6]  [9]  [8]  [10]  [4]  [0]  [9]  [2]  [0]  [2]  [8]  [9]  [0]  [8]  [9]  [8]  [0]  [10]  [2]  [8]  [9]  [8]  [1]  [0]  [1] 
 [3]  [3]  [2]  [10]  [3]  [3]  [3]  [5]  [7]  [8]  [4]  [5]  [7]  [3]  [3]  [3]  [0]  [6]  [2]  [0]  [9]  [3]  [6]  [0]  [4]  [4]  [4]  [2]  [2]  [4]  [2]  [10] 
 [8]  [5]  [7]  [2]  [10]  [5]  [0]  [4]  [8]  [2]  [6]  [1]  [3]  [8]  [0]  [10]  [8]  [2]  [3]  [1]  [4]  [0]  [10]  [2]  [3]  [5]  [10]  [0]  [7]  [2]  [5]  [5] 
 [9]  [3]  [8]  [6]  [8]  [5]  [0]  [10]  [6]  [3]  [5]  [6]  [1]  [7]  [4]  [7]  [9]  [0]  [5]  [1]  [10]  [2]  [7]  [1]  [2]  [7]  [9]  [2]  [8]  [5]  [3]  [4] 
 [4]  [3]  [1]  [2]  [0]  [9]  [3]  [6]  [7]  [0]  [3]  [7]  [3]  [3]  [3]  [7]  [10]  [5]  [5]  [7]  [5]  [8]  [8]  [0]  [5]  [6]  [2]  [10]  [8]  [4]  [3]  [3] 
 [2]  [10]  [8]  [7]  [4]  [0]  [6]  [2]  [4]  [5]  [10]  [0]  [6]  [6]  [9]  [5]  [5]  [6]  [6]  [2]  [5]  [0]  [9]  [0]  [6]  [0]  [3]  [5]  [1]  [8]  [7]  [0] 
 [7]  [6]  [6]  [6]  [0]  [3]  [5]  [5]  [9]  [3]  [5]  [7]  [2]  [10]  [7]  [3]  [7]  [5]  [6]  [6]  [10]  [8]  [10]  [5]  [3]  [3]  [1]  [9]  [3]  [2]  [5]  [6] 
 [9]  [1]  [8]  [3]  [5]  [0]  [8]  [8]  [4]  [3]  [9]  [3]  [1]  [2]  [10]  [2]  [1]  [10]  [0]  [2]  [0]  [9]  [8]  [9]  [10]  [0]  [2]  [10]  [5]  [8]  [10]  [9] 
 [1]  [1]  [8]  [6]  [8]  [8]  [4]  [6]  [9]  [1]  [0]  [3]  [2]  [8]  [10]  [0]  [10]  [5]  [2]  [10]  [8]  [0]  [1]  [2]  [1]  [2]  [0]  [5]  [1]  [10]  [1]  [7] 
 [7]  [4]  [3]  [7]  [10]  [9]  [3]  [4]  [8]  [10]  [7]  [5]  [6]  [1]  [4]  [4]  [9]  [1]  [4]  [3]  [6]  [0]  [9]  [4]  [2]  [4]  [7]  [1]  [9]  [4]  [9]  [7] 
 [9]  [5]  [1]  [6]  [4]  [2]  [5]  [4]  [6]  [5]  [6]  [7]  [0]  [5]  [7]  [6]  [2]  [4]  [0]  [5]  [3]  [3]  [8]  [7]  [1]  [3]  [9]  [10]  [2]  [10]  [7]  [2] 
 [8]  [1]  [4]  [4]  [7]  [0]  [0]  [5]  [10]  [2]  [5]  [5]  [4]  [1]  [6]  [6]  [3]  [4]  [1]  [8]  [10]  [8]  [6]  [7]  [1]  [0]  [5]  [4]  [7]  [4]  [5]  [8] 
 [5]  [7]  [2]  [1]  [9]  [7]  [1]  [4]  [7]  [3]  [4]  [1]  [9]  [7]  [7]  [10]  [1]  [5]  [4]  [9]  [6]  [2]  [2]  [4]  [2]  [7]  [0]  [6]  [3]  [3]  [10]  [1] 
 [9]  [3]  [8]  [10]  [3]  [3]  [5]  [3]  [5]  [8]  [0]  [8]  [6]  [8]  [2]  [5]  [7]  [1]  [5]  [5]  [5]  [7]  [9]  [5]  [10]  [3]  [4]  [1]  [4]  [5]  [10]  [1] 
 [4]  [3]  [7]  [3]  [7]  [10]  [3]  [4]  [4]  [10]  [5]  [3]  [4]  [4]  [10]  [0]  [2]  [6]  [10]  [6]  [5]  [8]  [2]  [9]  [7]  [5]  [3]  [4]  [0]  [4]  [5]  [8] 
 [9]  [5]  [8]  [4]  [3]  [10]  [4]  [7]  [0]  [0]  [3]  [5]  [5]  [10]  [5]  [5]  [7]  [0]  [9]  [7]  [3]  [2]  [8]  [1]  [10]  [3]  [5]  [2]  [5]  [7]  [3]  [7] 
 [3]  [0]  [5]  [1]  [10]  [2]  [3]  [8]  [3]  [4]  [0]  [5]  [4]  [9]  [1]  [5]  [7]  [0]  [4]  [8]  [10]  [4]  [3]  [7]  [9]  [6]  [4]  [8]  [5]  [0]  [0]  [6] 
 [10]  [3]  [4]  [1]  [0]  [9]  [9]  [1]  [7]  [1]  [5]  [6]  [8]  [10]  [6]  [4]  [7]  [5]  [9]  [2]  [10]  [5]  [6]  [2]  [5]  [6]  [4]  [6]  [6]  [3]  [6]  [10] 
 [5]  [3]  [7]  [8]  [2]  [1]  [10]  [8]  [8]  [1]  [6]  [6]  [6]  [8]  [10]  [7]  [9]  [7]  [5]  [2]  [6]  [9]  [2]  [0]  [10]  [1]  [4]  [5]  [1]  [5]  [1]  [8] 
 [3]  [6]  [8]  [8]  [7]  [7]  [1]  [2]  [8]  [7]  [4]  [0]  [5]  [5]  [10]  [0]  [10]  [2]  [5]  [8]  [7]  [9]  [8]  [7]  [3]  [3]  [3]  [9]  [1]  [4]  [8]  [8] 
 [8]  [10]  [0]  [7]  [7]  [9]  [6]  [3]  [0]  [6]  [1]  [3]  [2]  [7]  [10]  [1]  [10]  [2]  [10]  [8]  [7]  [2]  [9]  [2]  [3]  [2]  [10]  [7]  [1]  [3]  [7]  [7] 
 [3]  [0]  [0]  [3]  [7]  [8]  [7]  [8]  [0]  [10]  [5]  [7]  [8]  [2]  [6]  [3]  [10]  [3]  [5]  [8]  [7]  [10]  [10]  [4]  [3]  [5]  [1]  [7]  [3]  [2]  [1]  [9] 
 [8]  [3]  [9]  [7]  [4]  [3]  [0]  [4]  [4]  [1]  [7]  [6]  [8]  [9]  [5]  [7]  [4]  [2]  [4]  [3]  [1]  [6]  [5]  [7]  [7]  [2]  [5]  [1]  [1]  [0]  [6]  [7] 
 [9]  [2]  [10]  [8]  [2]  [1]  [3]  [7]  [1]  [9]  [9]  [9]  [8]  [7]  [6]  [4]  [10]  [7]  [2]  [2]  [1]  [1]  [7]  [4]  [0]  [9]  [8]  [0]  [0]  [2]  [10]  [8] 
 [1]  [6]  [7]  [8]  [2]  [8]  [9]  [8]  [2]  [5]  [2]  [8]  [1]  [7]  [1]  [0]  [7]  [1]  [6]  [1]  [10]  [10]  [7]  [2]  [5]  [0]  [0]  [3]  [3]  [9]  [4]  [10] 
 [3]  [0]  [5]  [0]  [4]  [10]  [2]  [6]  [2]  [2]  [7]  [6]  [6]  [6]  [4]  [5]  [2]  [5]  [1]  [2]  [2]  [7]  [3]  [8]  [10]  [9]  [3]  [9]  [1]  [5]  [7]  [0] 
 [7]  [7]  [2]  [8]  [5]  [9]  [5]  [5]  [8]  [5]  [3]  [3]  [5]  [9]  [7]  [3]  [3]  [10]  [1]  [9]  [0]  [3]  [10]  [6]  [7]  [7]  [4]  [1]  [5]  [6]  [6]  [4] 
 [9]  [3]  [1]  [2]  [1]  [10]  [3]  [4]  [10]  [5]  [0]  [6]  [3]  [3]  [0]  [9]  [1]  [9]  [7]  [2]  [9]  [7]  [4]  [7]  [10]  [6]  [6]  [10]  [5]  [7]  [4]  [0] 
 [0]  [4]  [0]  [10]  [5]  [9]  [4]  [7]  [8]  [3]  [9]  [5]  [3]  [8]  [8]  [1]  [7]  [4]  [6]  [0]  [8]  [2]  [4]  [6]  [4]  [3]  [4]  [0]  [7]  [8]  [7]  [0] 
 [4]  [7]  [5]  [7]  [7]  [2]  [6]  [9]  [9]  [8]  [3]  [6]  [9]  [4]  [9]  [0]  [1]  [3]  [5]  [7]  [5]  [2]  [10]  [4]  [7]  [3]  [1]  [1]  [6]  [0]  [9]  [2] 
 [4]  [2]  [8]  [8]  [5]  [5]  [10]  [8]  [9]  [0]  [4]  [9]  [10]  [10]  [3]  [4]  [0]  [4]  [0]  [10]  [9]  [6]  [2]  [2]  [5]  [10]  [0]  [0]  [6]  [4]  [8]  [9] 
 [9]  [6]  [6]  [8]  [7]  [9]  [2]  [8]  [9]  [10]  [3]  [5]  [3]  [6]  [4]  [9]  [3]  [1]  [1]  [0]  [9]  [7]  [1]  [9]  [7]  [9]  [9]  [1]  [7]  [0]  [0]  [0] 

 [987]  [589]  [823]  [862]  [791]  [987]  [688]  [873]  [1005]  [725]  [614]  [791]  [666]  [1026]  [862]  [674]  [893]  [646]  [749]  [683]  [1088]  [814]  [928]  [639]  [852]  [675]  [711]  [673]  [652]  [697]  [700]  [871] 
 [721]  [502]  [745]  [729]  [742]  [869]  [482]  [749]  [803]  [636]  [569]  [576]  [581]  [840]  [704]  [529]  [730]  [539]  [576]  [584]  [780]  [689]  [808]  [601]  [788]  [547]  [549]  [588]  [523]  [578]  [586]  [699] 
 [1119]  [744]  [1013]  [1052]  [944]  [1111]  [776]  [1062]  [1112]  [907]  [875]  [929]  [827]  [1218]  [1127]  [710]  [1028]  [866]  [869]  [894]  [1143]  [925]  [1226]  [853]  [1030]  [827]  [777]  [961]  [736]  [894]  [1054]  [934] 
 [1021]  [652]  [871]  [934]  [853]  [926]  [709]  [926]  [908]  [836]  [778]  [784]  [674]  [1011]  [884]  [671]  [879]  [641]  [715]  [634]  [950]  [790]  [1062]  [698]  [902]  [669]  [764]  [674]  [694]  [722]  [808]  [844] 
 [895]  [609]  [757]  [794]  [829]  [981]  [616]  [865]  [860]  [676]  [604]  [760]  [711]  [1008]  [858]  [614]  [824]  [548]  [657]  [779]  [927]  [675]  [959]  [626]  [810]  [743]  [673]  [726]  [621]  [652]  [778]  [804] 
 [992]  [582]  [948]  [995]  [935]  [974]  [672]  [989]  [956]  [771]  [824]  [847]  [828]  [1075]  [976]  [641]  [1008]  [668]  [712]  [798]  [1011]  [729]  [1075]  [655]  [771]  [729]  [733]  [579]  [680]  [739]  [877]  [1115] 
 [934]  [498]  [760]  [749]  [531]  [765]  [548]  [753]  [767]  [565]  [592]  [776]  [658]  [852]  [691]  [671]  [776]  [545]  [640]  [559]  [838]  [749]  [836]  [560]  [786]  [595]  [634]  [586]  [583]  [582]  [736]  [736] 
 [878]  [624]  [817]  [864]  [856]  [814]  [594]  [882]  [814]  [755]  [640]  [755]  [681]  [990]  [742]  [703]  [845]  [503]  [641]  [632]  [902]  [697]  [969]  [654]  [825]  [643]  [694]  [543]  [605]  [601]  [757]  [720] 
 [957]  [765]  [821]  [1016]  [811]  [1030]  [781]  [992]  [1049]  [829]  [751]  [883]  [731]  [1086]  [983]  [714]  [1079]  [726]  [785]  [751]  [1119]  [754]  [1123]  [644]  [837]  [741]  [746]  [791]  [721]  [834]  [866]  [839] 
 [731]  [479]  [811]  [809]  [727]  [747]  [609]  [743]  [852]  [612]  [587]  [644]  [614]  [893]  [753]  [446]  [689]  [560]  [590]  [681]  [855]  [695]  [841]  [504]  [803]  [517]  [483]  [667]  [546]  [667]  [715]  [763] 
 [1095]  [593]  [988]  [947]  [904]  [955]  [690]  [970]  [981]  [716]  [836]  [857]  [814]  [1112]  [988]  [759]  [893]  [744]  [792]  [802]  [1048]  [936]  [1004]  [752]  [1048]  [708]  [791]  [888]  [645]  [770]  [924]  [966] 
 [958]  [600]  [805]  [940]  [792]  [974]  [635]  [901]  [1062]  [697]  [716]  [797]  [751]  [1066]  [815]  [740]  [827]  [724]  [668]  [593]  [973]  [691]  [902]  [613]  [900]  [763]  [760]  [575]  [697]  [671]  [772]  [758] 
 [941]  [626]  [768]  [872]  [672]  [743]  [535]  [765]  [896]  [585]  [713]  [709]  [640]  [977]  [808]  [629]  [814]  [633]  [671]  [667]  [809]  [653]  [1000]  [508]  [771]  [539]  [671]  [586]  [641]  [569]  [787]  [615] 
 [1036]  [685]  [908]  [1077]  [963]  [1079]  [807]  [1012]  [1042]  [908]  [835]  [925]  [797]  [1124]  [996]  [637]  [946]  [739]  [777]  [810]  [1087]  [942]  [1151]  [830]  [1036]  [732]  [789]  [880]  [730]  [846]  [1006]  [909] 
 [799]  [467]  [730]  [817]  [653]  [864]  [576]  [832]  [829]  [736]  [649]  [794]  [678]  [829]  [669]  [549]  [786]  [614]  [622]  [547]  [902]  [756]  [894]  [545]  [762]  [677]  [588]  [604]  [605]  [608]  [716]  [690] 
 [974]  [670]  [866]  [958]  [890]  [1024]  [764]  [1043]  [1060]  [726]  [859]  [871]  [826]  [1103]  [1089]  [804]  [988]  [783]  [750]  [867]  [1083]  [912]  [1084]  [746]  [979]  [786]  [678]  [930]  [711]  [860]  [945]  [911] 
 [981]  [704]  [921]  [992]  [843]  [830]  [640]  [899]  [985]  [842]  [710]  [774]  [774]  [1020]  [907]  [726]  [877]  [688]  [682]  [665]  [945]  [748]  [1030]  [682]  [910]  [687]  [770]  [653]  [590]  [689]  [882]  [808] 
 [833]  [487]  [672]  [691]  [609]  [720]  [508]  [724]  [875]  [557]  [541]  [669]  [664]  [825]  [717]  [579]  [685]  [631]  [542]  [632]  [845]  [621]  [861]  [563]  [681]  [612]  [556]  [617]  [555]  [518]  [678]  [781] 
 [850]  [615]  [675]  [802]  [709]  [816]  [558]  [820]  [791]  [627]  [717]  [739]  [675]  [919]  [790]  [640]  [773]  [553]  [598]  [595]  [791]  [564]  [901]  [529]  [695]  [676]  [688]  [582]  [581]  [563]  [804]  [669] 
 [826]  [449]  [704]  [699]  [679]  [739]  [535]  [781]  [849]  [507]  [569]  [671]  [603]  [830]  [734]  [644]  [660]  [585]  [570]  [612]  [885]  [700]  [741]  [553]  [783]  [582]  [581]  [722]  [539]  [632]  [662]  [768] 
 [950]  [634]  [903]  [932]  [908]  [975]  [659]  [970]  [1081]  [725]  [761]  [799]  [693]  [1028]  [915]  [638]  [938]  [709]  [740]  [749]  [1025]  [851]  [1051]  [726]  [984]  [618]  [709]  [840]  [741]  [699]  [845]  [855] 
 [1048]  [723]  [1001]  [960]  [934]  [956]  [713]  [945]  [1001]  [704]  [792]  [822]  [832]  [1245]  [1010]  [771]  [992]  [691]  [814]  [850]  [1030]  [739]  [1078]  [654]  [969]  [777]  [824]  [815]  [631]  [770]  [937]  [889] 
 [1057]  [697]  [926]  [988]  [832]  [1052]  [693]  [1017]  [1054]  [900]  [870]  [925]  [866]  [1045]  [1001]  [752]  [976]  [789]  [810]  [752]  [1111]  [990]  [1179]  [735]  [923]  [813]  [749]  [872]  [695]  [703]  [917]  [965] 
 [1126]  [736]  [936]  [1061]  [971]  [1097]  [719]  [995]  [1088]  [950]  [889]  [866]  [908]  [1102]  [941]  [831]  [926]  [796]  [774]  [709]  [1077]  [957]  [1164]  [731]  [1042]  [782]  [848]  [771]  [739]  [734]  [945]  [941] 
 [780]  [508]  [598]  [676]  [702]  [859]  [537]  [729]  [757]  [662]  [678]  [615]  [624]  [756]  [707]  [588]  [574]  [610]  [550]  [572]  [786]  [698]  [781]  [505]  [734]  [625]  [560]  [652]  [569]  [548]  [620]  [623] 
 [839]  [546]  [847]  [867]  [776]  [820]  [627]  [848]  [862]  [795]  [760]  [781]  [773]  [897]  [860]  [615]  [916]  [571]  [656]  [667]  [924]  [809]  [898]  [614]  [782]  [680]  [619]  [676]  [592]  [520]  [780]  [782] 
 [982]  [613]  [763]  [835]  [831]  [1009]  [643]  [879]  [883]  [758]  [716]  [778]  [629]  [1008]  [938]  [666]  [934]  [707]  [733]  [725]  [956]  [839]  [1011]  [778]  [859]  [710]  [759]  [854]  [617]  [780]  [880]  [787] 
 [863]  [591]  [832]  [816]  [732]  [799]  [538]  [791]  [850]  [598]  [712]  [698]  [624]  [975]  [778]  [673]  [794]  [577]  [675]  [638]  [893]  [721]  [902]  [532]  [844]  [559]  [658]  [822]  [546]  [674]  [692]  [699] 
 [1005]  [622]  [832]  [895]  [800]  [879]  [687]  [899]  [919]  [811]  [704]  [842]  [772]  [1024]  [961]  [651]  [808]  [735]  [743]  [838]  [1006]  [794]  [1015]  [735]  [916]  [694]  [704]  [803]  [589]  [675]  [822]  [891] 
 [835]  [593]  [798]  [954]  [822]  [1013]  [698]  [931]  [959]  [804]  [698]  [852]  [815]  [992]  [893]  [637]  [958]  [633]  [733]  [740]  [978]  [822]  [1004]  [717]  [913]  [695]  [620]  [667]  [629]  [726]  [869]  [830] 
 [733]  [475]  [641]  [657]  [649]  [719]  [447]  [677]  [786]  [434]  [511]  [581]  [524]  [816]  [605]  [534]  [719]  [393]  [497]  [559]  [783]  [467]  [768]  [442]  [546]  [553]  [532]  [411]  [613]  [484]  [616]  [658] 
 [1082]  [649]  [927]  [914]  [929]  [891]  [648]  [915]  [1038]  [779]  [773]  [757]  [705]  [1073]  [880]  [710]  [804]  [686]  [744]  [723]  [1037]  [815]  [1060]  [718]  [954]  [659]  [755]  [729]  [758]  [679]  [860]  [821] 
Matrix deleted
Matrix deleted
Matrix deleted
Total time: 496449ns


------------------
(program exited with code: 0)
Press return to continue


