Enter size of n*n Matrices
16
Matrix Initialized
Matrix Initialized
Matrix Initialized

 [10]  [5]  [0]  [2]  [8]  [3]  [0]  [9]  [9]  [6]  [0]  [0]  [10]  [5]  [3]  [10] 
 [0]  [0]  [2]  [1]  [4]  [7]  [6]  [5]  [4]  [4]  [6]  [8]  [10]  [8]  [1]  [0] 
 [10]  [5]  [6]  [8]  [5]  [9]  [4]  [4]  [8]  [2]  [6]  [9]  [3]  [5]  [10]  [5] 
 [1]  [3]  [1]  [7]  [6]  [9]  [5]  [3]  [0]  [0]  [0]  [3]  [1]  [1]  [6]  [9] 
 [10]  [4]  [6]  [4]  [9]  [3]  [0]  [0]  [1]  [0]  [9]  [6]  [0]  [2]  [0]  [8] 
 [4]  [8]  [9]  [3]  [5]  [7]  [0]  [5]  [0]  [10]  [5]  [5]  [7]  [4]  [2]  [1] 
 [10]  [10]  [5]  [6]  [7]  [6]  [8]  [7]  [6]  [3]  [1]  [6]  [2]  [3]  [6]  [7] 
 [7]  [3]  [10]  [0]  [4]  [1]  [4]  [7]  [5]  [2]  [3]  [1]  [0]  [0]  [9]  [5] 
 [5]  [7]  [3]  [7]  [0]  [8]  [5]  [9]  [5]  [10]  [4]  [7]  [5]  [5]  [2]  [1] 
 [2]  [3]  [8]  [7]  [7]  [9]  [10]  [6]  [2]  [3]  [0]  [1]  [1]  [8]  [10]  [7] 
 [0]  [3]  [7]  [10]  [10]  [0]  [5]  [2]  [8]  [6]  [4]  [1]  [5]  [5]  [9]  [3] 
 [7]  [1]  [0]  [5]  [6]  [6]  [9]  [10]  [5]  [9]  [8]  [5]  [5]  [0]  [3]  [4] 
 [9]  [1]  [8]  [7]  [3]  [6]  [2]  [7]  [0]  [3]  [10]  [5]  [5]  [8]  [7]  [7] 
 [0]  [10]  [7]  [8]  [10]  [7]  [2]  [2]  [7]  [4]  [5]  [7]  [10]  [5]  [10]  [2] 
 [8]  [1]  [1]  [8]  [5]  [6]  [6]  [6]  [1]  [8]  [8]  [10]  [1]  [4]  [6]  [3] 
 [8]  [4]  [9]  [1]  [8]  [10]  [9]  [2]  [4]  [3]  [8]  [2]  [0]  [9]  [2]  [6] 

 [4]  [7]  [1]  [1]  [5]  [5]  [1]  [3]  [4]  [2]  [10]  [0]  [5]  [10]  [1]  [2] 
 [9]  [3]  [9]  [0]  [5]  [1]  [3]  [3]  [5]  [6]  [4]  [4]  [9]  [4]  [10]  [4] 
 [8]  [0]  [8]  [10]  [7]  [4]  [5]  [1]  [9]  [6]  [3]  [9]  [6]  [4]  [5]  [4] 
 [3]  [5]  [7]  [2]  [10]  [2]  [7]  [8]  [5]  [3]  [1]  [7]  [0]  [8]  [8]  [9] 
 [8]  [3]  [2]  [7]  [4]  [9]  [1]  [1]  [7]  [2]  [2]  [5]  [0]  [7]  [10]  [3] 
 [0]  [7]  [6]  [10]  [0]  [3]  [4]  [6]  [3]  [4]  [6]  [9]  [6]  [10]  [4]  [3] 
 [5]  [9]  [6]  [10]  [3]  [3]  [4]  [1]  [0]  [1]  [8]  [1]  [8]  [4]  [7]  [8] 
 [2]  [3]  [3]  [0]  [7]  [7]  [4]  [10]  [10]  [4]  [9]  [2]  [0]  [0]  [10]  [3] 
 [8]  [0]  [5]  [0]  [0]  [2]  [4]  [5]  [6]  [7]  [10]  [1]  [10]  [0]  [7]  [0] 
 [5]  [8]  [7]  [5]  [1]  [8]  [9]  [10]  [7]  [4]  [1]  [7]  [4]  [5]  [7]  [0] 
 [1]  [4]  [3]  [4]  [8]  [10]  [5]  [7]  [10]  [5]  [6]  [8]  [4]  [1]  [10]  [5] 
 [7]  [9]  [9]  [2]  [10]  [4]  [5]  [1]  [6]  [2]  [4]  [10]  [7]  [4]  [10]  [4] 
 [7]  [10]  [8]  [3]  [3]  [4]  [7]  [7]  [1]  [7]  [6]  [7]  [8]  [5]  [3]  [6] 
 [9]  [1]  [5]  [8]  [8]  [7]  [6]  [2]  [6]  [0]  [6]  [5]  [10]  [2]  [2]  [5] 
 [8]  [10]  [3]  [3]  [4]  [6]  [0]  [9]  [10]  [1]  [7]  [8]  [5]  [8]  [2]  [7] 
 [4]  [0]  [2]  [2]  [6]  [9]  [10]  [8]  [6]  [4]  [3]  [7]  [8]  [3]  [7]  [3] 

 [454]  [350]  [351]  [229]  [338]  [452]  [385]  [469]  [456]  [320]  [474]  [359]  [452]  [366]  [479]  [254] 
 [355]  [381]  [385]  [337]  [323]  [354]  [333]  [317]  [350]  [238]  [377]  [402]  [403]  [270]  [422]  [282] 
 [534]  [507]  [501]  [392]  [516]  [487]  [410]  [490]  [600]  [339]  [565]  [569]  [556]  [521]  [602]  [416] 
 [260]  [284]  [266]  [260]  [276]  [283]  [256]  [302]  [301]  [167]  [258]  [345]  [273]  [328]  [363]  [267] 
 [317]  [242]  [270]  [251]  [384]  [378]  [272]  [249]  [398]  [218]  [298]  [369]  [312]  [326]  [431]  [235] 
 [414]  [385]  [450]  [346]  [375]  [398]  [370]  [389]  [465]  [307]  [342]  [484]  [397]  [374]  [491]  [278] 
 [521]  [451]  [472]  [354]  [463]  [444]  [386]  [437]  [527]  [321]  [524]  [459]  [520]  [474]  [609]  [377] 
 [353]  [261]  [267]  [246]  [299]  [337]  [226]  [312]  [434]  [225]  [373]  [309]  [322]  [280]  [371]  [231] 
 [414]  [453]  [489]  [322]  [410]  [394]  [418]  [469]  [474]  [314]  [452]  [459]  [457]  [382]  [554]  [324] 
 [463]  [401]  [420]  [463]  [413]  [436]  [372]  [420]  [496]  [248]  [437]  [480]  [452]  [440]  [497]  [398] 
 [491]  [358]  [410]  [346]  [390]  [414]  [358]  [410]  [497]  [281]  [367]  [449]  [395]  [364]  [512]  [357] 
 [368]  [477]  [397]  [328]  [385]  [471]  [392]  [485]  [480]  [295]  [479]  [421]  [392]  [386]  [581]  [324] 
 [429]  [428]  [417]  [383]  [525]  [517]  [419]  [480]  [573]  [295]  [477]  [541]  [452]  [434]  [518]  [391] 
 [597]  [493]  [562]  [404]  [475]  [462]  [419]  [478]  [578]  [376]  [463]  [612]  [541]  [479]  [632]  [427] 
 [384]  [488]  [408]  [340]  [461]  [465]  [376]  [443]  [504]  [240]  [430]  [483]  [385]  [429]  [550]  [352] 
 [446]  [357]  [405]  [487]  [409]  [474]  [371]  [342]  [491]  [280]  [475]  [459]  [508]  [415]  [517]  [334] 
Matrix deleted
Matrix deleted
Matrix deleted
Total time: 251402ns


------------------
(program exited with code: 0)
Press return to continue




