Enter size of n*n Matrices
32
Matrix Initialized
Matrix Initialized
Matrix Initialized

 [7]  [7]  [6]  [4]  [6]  [10]  [9]  [2]  [9]  [1]  [0]  [0]  [2]  [1]  [1]  [9]  [2]  [3]  [2]  [1]  [6]  [7]  [6]  [8]  [0]  [4]  [8]  [7]  [8]  [8]  [10]  [0] 
 [2]  [5]  [0]  [7]  [4]  [9]  [6]  [0]  [2]  [6]  [1]  [2]  [7]  [4]  [2]  [10]  [9]  [8]  [4]  [5]  [10]  [4]  [6]  [2]  [3]  [9]  [4]  [7]  [8]  [2]  [8]  [0] 
 [0]  [2]  [8]  [3]  [7]  [2]  [1]  [5]  [10]  [9]  [6]  [9]  [9]  [9]  [6]  [10]  [10]  [8]  [5]  [6]  [10]  [4]  [4]  [8]  [7]  [10]  [0]  [10]  [10]  [1]  [3]  [8] 
 [3]  [2]  [2]  [3]  [6]  [8]  [1]  [9]  [9]  [0]  [7]  [3]  [1]  [9]  [7]  [2]  [0]  [2]  [5]  [8]  [8]  [0]  [0]  [7]  [0]  [2]  [4]  [5]  [8]  [4]  [10]  [4] 
 [10]  [3]  [7]  [1]  [7]  [4]  [4]  [0]  [9]  [9]  [7]  [7]  [2]  [5]  [3]  [3]  [10]  [7]  [8]  [4]  [7]  [9]  [7]  [1]  [1]  [2]  [7]  [2]  [1]  [0]  [10]  [9] 
 [1]  [4]  [9]  [8]  [5]  [4]  [4]  [0]  [8]  [10]  [1]  [5]  [1]  [1]  [0]  [10]  [2]  [10]  [4]  [8]  [6]  [3]  [3]  [6]  [0]  [7]  [3]  [1]  [0]  [0]  [10]  [7] 
 [1]  [1]  [2]  [10]  [0]  [10]  [2]  [8]  [3]  [8]  [7]  [1]  [10]  [0]  [8]  [3]  [1]  [2]  [8]  [0]  [3]  [0]  [7]  [4]  [1]  [3]  [2]  [6]  [8]  [7]  [3]  [8] 
 [10]  [9]  [0]  [9]  [6]  [2]  [0]  [0]  [5]  [10]  [0]  [7]  [7]  [3]  [6]  [7]  [8]  [4]  [1]  [2]  [4]  [8]  [2]  [6]  [3]  [10]  [5]  [0]  [0]  [10]  [1]  [4] 
 [2]  [1]  [9]  [3]  [1]  [3]  [4]  [7]  [6]  [1]  [10]  [5]  [10]  [8]  [1]  [8]  [10]  [1]  [1]  [2]  [3]  [3]  [10]  [9]  [2]  [8]  [4]  [1]  [3]  [2]  [4]  [10] 
 [4]  [9]  [3]  [10]  [8]  [3]  [2]  [2]  [10]  [8]  [10]  [6]  [4]  [1]  [8]  [4]  [10]  [4]  [3]  [2]  [10]  [2]  [9]  [5]  [6]  [9]  [7]  [4]  [0]  [6]  [10]  [1] 
 [0]  [6]  [7]  [7]  [7]  [9]  [0]  [0]  [10]  [6]  [3]  [4]  [7]  [7]  [2]  [10]  [4]  [4]  [10]  [5]  [4]  [9]  [4]  [5]  [7]  [10]  [2]  [9]  [1]  [9]  [5]  [8] 
 [9]  [7]  [2]  [9]  [5]  [2]  [9]  [2]  [7]  [1]  [2]  [2]  [7]  [6]  [5]  [6]  [2]  [4]  [2]  [1]  [4]  [7]  [9]  [1]  [1]  [7]  [9]  [8]  [5]  [7]  [8]  [8] 
 [2]  [0]  [3]  [0]  [10]  [6]  [2]  [6]  [10]  [2]  [7]  [0]  [3]  [2]  [8]  [1]  [4]  [6]  [7]  [8]  [6]  [7]  [3]  [2]  [5]  [1]  [1]  [1]  [3]  [6]  [3]  [4] 
 [9]  [9]  [8]  [2]  [6]  [4]  [6]  [7]  [1]  [9]  [4]  [7]  [4]  [4]  [9]  [4]  [5]  [5]  [8]  [0]  [6]  [5]  [10]  [5]  [4]  [7]  [0]  [8]  [5]  [7]  [7]  [3] 
 [6]  [5]  [1]  [9]  [3]  [9]  [10]  [6]  [5]  [9]  [3]  [8]  [6]  [3]  [1]  [2]  [0]  [8]  [0]  [5]  [10]  [2]  [7]  [7]  [9]  [0]  [9]  [1]  [1]  [1]  [7]  [5] 
 [7]  [3]  [10]  [3]  [9]  [3]  [3]  [1]  [6]  [6]  [8]  [2]  [8]  [6]  [2]  [0]  [2]  [10]  [9]  [3]  [10]  [3]  [5]  [1]  [3]  [9]  [6]  [1]  [10]  [6]  [1]  [10] 
 [6]  [6]  [5]  [5]  [9]  [4]  [8]  [0]  [9]  [10]  [7]  [10]  [3]  [7]  [2]  [0]  [8]  [3]  [6]  [1]  [8]  [10]  [7]  [10]  [3]  [7]  [5]  [8]  [10]  [8]  [10]  [4] 
 [7]  [7]  [3]  [1]  [4]  [1]  [4]  [9]  [6]  [2]  [7]  [2]  [10]  [6]  [7]  [7]  [1]  [5]  [10]  [7]  [3]  [7]  [2]  [6]  [2]  [2]  [8]  [1]  [8]  [2]  [3]  [4] 
 [3]  [6]  [7]  [5]  [10]  [1]  [6]  [4]  [10]  [2]  [7]  [2]  [4]  [4]  [4]  [10]  [9]  [7]  [7]  [4]  [1]  [5]  [2]  [4]  [4]  [10]  [9]  [3]  [6]  [0]  [4]  [4] 
 [10]  [1]  [0]  [10]  [3]  [6]  [4]  [2]  [1]  [3]  [6]  [5]  [9]  [10]  [5]  [1]  [0]  [4]  [0]  [5]  [7]  [5]  [9]  [10]  [0]  [3]  [9]  [4]  [0]  [2]  [1]  [5] 
 [8]  [0]  [3]  [10]  [9]  [3]  [3]  [5]  [9]  [10]  [7]  [8]  [8]  [5]  [5]  [2]  [7]  [10]  [1]  [0]  [8]  [6]  [3]  [1]  [9]  [1]  [9]  [3]  [8]  [8]  [1]  [5] 
 [7]  [2]  [3]  [7]  [3]  [6]  [3]  [3]  [1]  [5]  [5]  [6]  [5]  [8]  [4]  [7]  [2]  [1]  [8]  [8]  [1]  [4]  [8]  [2]  [6]  [3]  [2]  [2]  [4]  [5]  [7]  [5] 
 [5]  [2]  [5]  [5]  [7]  [4]  [8]  [0]  [8]  [7]  [7]  [3]  [4]  [1]  [0]  [10]  [7]  [6]  [10]  [10]  [7]  [4]  [6]  [4]  [0]  [1]  [4]  [0]  [5]  [5]  [8]  [6] 
 [6]  [1]  [0]  [3]  [7]  [2]  [2]  [6]  [9]  [5]  [8]  [10]  [7]  [6]  [7]  [7]  [1]  [1]  [5]  [5]  [8]  [7]  [4]  [1]  [4]  [8]  [1]  [1]  [5]  [7]  [10]  [6] 
 [7]  [8]  [3]  [5]  [7]  [8]  [8]  [3]  [4]  [7]  [10]  [6]  [2]  [10]  [0]  [8]  [7]  [3]  [7]  [10]  [10]  [6]  [0]  [8]  [5]  [10]  [7]  [0]  [3]  [9]  [10]  [3] 
 [10]  [3]  [8]  [1]  [0]  [10]  [5]  [10]  [8]  [1]  [9]  [6]  [0]  [4]  [10]  [10]  [8]  [6]  [6]  [5]  [0]  [9]  [3]  [3]  [2]  [3]  [9]  [1]  [1]  [7]  [0]  [7] 
 [10]  [4]  [5]  [1]  [2]  [10]  [7]  [0]  [0]  [9]  [2]  [10]  [9]  [3]  [3]  [4]  [0]  [10]  [10]  [2]  [2]  [9]  [2]  [8]  [1]  [9]  [3]  [5]  [5]  [2]  [6]  [1] 
 [6]  [6]  [5]  [3]  [6]  [0]  [7]  [4]  [7]  [4]  [4]  [2]  [6]  [8]  [6]  [7]  [2]  [3]  [4]  [6]  [10]  [8]  [4]  [10]  [7]  [1]  [1]  [1]  [5]  [1]  [9]  [0] 
 [7]  [4]  [9]  [4]  [2]  [3]  [4]  [2]  [10]  [1]  [7]  [5]  [0]  [4]  [10]  [9]  [0]  [1]  [9]  [9]  [0]  [9]  [4]  [1]  [10]  [10]  [8]  [0]  [8]  [0]  [4]  [2] 
 [7]  [10]  [0]  [8]  [8]  [8]  [8]  [6]  [8]  [9]  [2]  [5]  [10]  [9]  [8]  [8]  [3]  [5]  [0]  [8]  [8]  [0]  [4]  [4]  [2]  [6]  [5]  [7]  [1]  [6]  [0]  [7] 
 [9]  [4]  [6]  [4]  [10]  [3]  [1]  [0]  [1]  [7]  [6]  [0]  [10]  [2]  [6]  [9]  [7]  [0]  [2]  [4]  [8]  [1]  [9]  [6]  [8]  [10]  [4]  [10]  [2]  [5]  [7]  [3] 
 [1]  [1]  [4]  [0]  [6]  [7]  [0]  [8]  [9]  [3]  [6]  [6]  [3]  [2]  [8]  [5]  [0]  [6]  [10]  [1]  [2]  [10]  [7]  [8]  [9]  [0]  [1]  [7]  [6]  [9]  [7]  [6] 

 [0]  [7]  [6]  [4]  [0]  [4]  [4]  [2]  [1]  [9]  [3]  [3]  [10]  [4]  [3]  [8]  [6]  [9]  [10]  [2]  [3]  [7]  [5]  [9]  [9]  [4]  [6]  [3]  [5]  [2]  [10]  [0] 
 [10]  [8]  [5]  [3]  [3]  [2]  [7]  [6]  [2]  [6]  [3]  [8]  [7]  [6]  [9]  [1]  [6]  [5]  [10]  [3]  [1]  [1]  [8]  [7]  [7]  [5]  [0]  [9]  [1]  [7]  [5]  [4] 
 [3]  [3]  [0]  [0]  [7]  [3]  [4]  [8]  [2]  [4]  [7]  [8]  [10]  [0]  [8]  [2]  [9]  [1]  [0]  [9]  [9]  [8]  [6]  [10]  [4]  [3]  [8]  [1]  [7]  [7]  [9]  [4] 
 [1]  [6]  [2]  [8]  [2]  [1]  [7]  [4]  [5]  [4]  [4]  [0]  [5]  [8]  [0]  [10]  [6]  [9]  [5]  [3]  [9]  [3]  [1]  [1]  [10]  [2]  [2]  [8]  [4]  [1]  [3]  [5] 
 [4]  [4]  [6]  [6]  [5]  [4]  [6]  [10]  [10]  [1]  [2]  [6]  [4]  [10]  [5]  [8]  [8]  [6]  [8]  [3]  [1]  [5]  [2]  [10]  [9]  [10]  [1]  [0]  [10]  [4]  [2]  [1] 
 [1]  [10]  [0]  [8]  [2]  [7]  [1]  [3]  [5]  [0]  [8]  [4]  [1]  [5]  [7]  [2]  [4]  [5]  [7]  [6]  [1]  [4]  [0]  [0]  [10]  [4]  [0]  [5]  [6]  [9]  [2]  [7] 
 [7]  [1]  [1]  [3]  [0]  [3]  [0]  [10]  [10]  [0]  [6]  [10]  [6]  [10]  [2]  [0]  [3]  [2]  [9]  [7]  [7]  [7]  [6]  [3]  [1]  [8]  [9]  [8]  [6]  [4]  [9]  [9] 
 [3]  [7]  [3]  [2]  [4]  [4]  [8]  [3]  [6]  [4]  [2]  [6]  [0]  [2]  [1]  [10]  [2]  [1]  [4]  [2]  [2]  [0]  [2]  [2]  [7]  [7]  [2]  [1]  [8]  [4]  [10]  [7] 
 [1]  [4]  [8]  [3]  [9]  [2]  [8]  [0]  [1]  [8]  [4]  [4]  [7]  [7]  [7]  [1]  [7]  [7]  [5]  [9]  [5]  [8]  [9]  [8]  [9]  [4]  [1]  [1]  [0]  [5]  [3]  [2] 
 [8]  [3]  [6]  [5]  [6]  [1]  [4]  [2]  [8]  [7]  [7]  [2]  [5]  [8]  [7]  [0]  [9]  [8]  [2]  [4]  [8]  [7]  [2]  [3]  [6]  [4]  [1]  [8]  [10]  [5]  [6]  [3] 
 [4]  [1]  [10]  [1]  [0]  [2]  [2]  [3]  [8]  [4]  [0]  [6]  [2]  [6]  [0]  [7]  [6]  [7]  [2]  [3]  [2]  [10]  [9]  [4]  [2]  [9]  [0]  [3]  [4]  [4]  [3]  [10] 
 [9]  [8]  [3]  [1]  [4]  [0]  [8]  [2]  [8]  [8]  [7]  [10]  [2]  [3]  [10]  [1]  [1]  [2]  [2]  [1]  [5]  [0]  [5]  [3]  [6]  [7]  [4]  [4]  [1]  [4]  [5]  [10] 
 [5]  [5]  [8]  [9]  [10]  [2]  [1]  [2]  [4]  [7]  [10]  [2]  [3]  [7]  [9]  [9]  [10]  [3]  [10]  [2]  [2]  [6]  [4]  [10]  [7]  [2]  [10]  [9]  [9]  [8]  [8]  [2] 
 [3]  [2]  [7]  [10]  [0]  [7]  [7]  [1]  [6]  [8]  [9]  [7]  [4]  [10]  [8]  [9]  [0]  [4]  [9]  [7]  [3]  [1]  [4]  [0]  [5]  [8]  [9]  [0]  [9]  [0]  [4]  [5] 
 [9]  [3]  [2]  [9]  [4]  [0]  [3]  [7]  [4]  [6]  [0]  [9]  [4]  [0]  [7]  [9]  [3]  [10]  [9]  [4]  [7]  [7]  [6]  [2]  [9]  [10]  [4]  [2]  [8]  [9]  [8]  [8] 
 [8]  [8]  [9]  [9]  [10]  [4]  [6]  [8]  [4]  [5]  [2]  [7]  [1]  [4]  [3]  [9]  [0]  [5]  [3]  [7]  [10]  [1]  [6]  [1]  [4]  [3]  [3]  [8]  [1]  [6]  [10]  [6] 
 [3]  [10]  [2]  [0]  [5]  [10]  [3]  [7]  [2]  [5]  [6]  [6]  [7]  [8]  [10]  [4]  [7]  [1]  [3]  [5]  [9]  [7]  [10]  [7]  [2]  [4]  [4]  [0]  [9]  [8]  [6]  [3] 
 [0]  [1]  [4]  [0]  [6]  [9]  [2]  [7]  [2]  [2]  [7]  [0]  [7]  [10]  [3]  [5]  [10]  [0]  [10]  [8]  [10]  [3]  [0]  [7]  [7]  [9]  [4]  [3]  [8]  [5]  [1]  [8] 
 [8]  [2]  [5]  [10]  [10]  [9]  [1]  [7]  [6]  [5]  [10]  [1]  [2]  [4]  [2]  [7]  [0]  [10]  [6]  [1]  [0]  [3]  [8]  [6]  [2]  [8]  [5]  [8]  [1]  [4]  [2]  [7] 
 [7]  [10]  [9]  [8]  [9]  [8]  [4]  [0]  [4]  [6]  [1]  [1]  [10]  [4]  [1]  [2]  [8]  [7]  [6]  [0]  [3]  [9]  [5]  [4]  [6]  [0]  [10]  [7]  [5]  [5]  [1]  [4] 
 [7]  [6]  [9]  [1]  [2]  [5]  [3]  [7]  [0]  [3]  [0]  [5]  [6]  [4]  [10]  [7]  [7]  [4]  [7]  [2]  [4]  [1]  [6]  [0]  [9]  [9]  [7]  [4]  [2]  [4]  [5]  [5] 
 [10]  [0]  [1]  [8]  [8]  [9]  [6]  [9]  [5]  [9]  [9]  [1]  [9]  [6]  [5]  [1]  [2]  [9]  [6]  [7]  [0]  [1]  [8]  [7]  [0]  [2]  [3]  [9]  [6]  [8]  [4]  [6] 
 [9]  [7]  [7]  [9]  [10]  [7]  [1]  [9]  [0]  [9]  [4]  [7]  [4]  [8]  [3]  [4]  [10]  [1]  [0]  [8]  [2]  [0]  [4]  [10]  [1]  [7]  [5]  [7]  [10]  [9]  [3]  [0] 
 [1]  [6]  [1]  [8]  [8]  [10]  [6]  [2]  [5]  [3]  [0]  [4]  [9]  [8]  [9]  [7]  [4]  [5]  [4]  [9]  [5]  [10]  [1]  [9]  [8]  [4]  [9]  [3]  [9]  [1]  [3]  [1] 
 [2]  [3]  [6]  [1]  [10]  [1]  [3]  [8]  [6]  [5]  [8]  [2]  [2]  [10]  [2]  [8]  [7]  [3]  [6]  [4]  [0]  [3]  [6]  [3]  [2]  [6]  [1]  [10]  [5]  [4]  [6]  [2] 
 [10]  [0]  [5]  [1]  [10]  [5]  [2]  [0]  [10]  [6]  [1]  [1]  [6]  [4]  [2]  [1]  [1]  [3]  [0]  [7]  [10]  [5]  [10]  [5]  [0]  [9]  [6]  [4]  [7]  [0]  [6]  [8] 
 [5]  [3]  [10]  [4]  [4]  [6]  [0]  [5]  [0]  [6]  [5]  [3]  [4]  [7]  [1]  [5]  [1]  [8]  [2]  [6]  [0]  [8]  [8]  [7]  [5]  [5]  [9]  [1]  [2]  [3]  [0]  [4] 
 [7]  [10]  [6]  [0]  [7]  [7]  [4]  [0]  [2]  [0]  [8]  [5]  [8]  [6]  [3]  [5]  [10]  [4]  [7]  [4]  [6]  [3]  [3]  [4]  [7]  [7]  [9]  [6]  [4]  [1]  [6]  [2] 
 [9]  [1]  [2]  [3]  [0]  [9]  [4]  [5]  [8]  [3]  [3]  [2]  [7]  [10]  [5]  [5]  [0]  [4]  [7]  [6]  [7]  [6]  [8]  [4]  [10]  [5]  [4]  [4]  [4]  [6]  [8]  [7] 
 [0]  [2]  [3]  [6]  [4]  [3]  [2]  [8]  [0]  [6]  [5]  [1]  [3]  [9]  [10]  [10]  [6]  [6]  [0]  [8]  [5]  [3]  [8]  [6]  [0]  [0]  [2]  [7]  [1]  [9]  [6]  [0] 
 [4]  [8]  [2]  [0]  [9]  [9]  [1]  [7]  [6]  [8]  [9]  [7]  [10]  [6]  [9]  [6]  [3]  [8]  [4]  [6]  [2]  [2]  [9]  [10]  [7]  [7]  [8]  [2]  [8]  [8]  [1]  [3] 
 [5]  [3]  [1]  [10]  [5]  [7]  [7]  [8]  [10]  [0]  [3]  [9]  [3]  [9]  [3]  [6]  [1]  [5]  [7]  [2]  [7]  [8]  [0]  [7]  [4]  [6]  [10]  [2]  [10]  [9]  [9]  [0] 

 [750]  [781]  [668]  [694]  [822]  [850]  [559]  [830]  [615]  [726]  [735]  [707]  [914]  [999]  [848]  [756]  [736]  [808]  [810]  [902]  [683]  [685]  [864]  [889]  [902]  [792]  [751]  [714]  [771]  [813]  [763]  [627] 
 [870]  [817]  [763]  [699]  [878]  [873]  [522]  [787]  [708]  [731]  [785]  [645]  [845]  [1040]  [825]  [781]  [791]  [747]  [862]  [781]  [791]  [631]  [844]  [749]  [885]  [874]  [768]  [797]  [872]  [795]  [752]  [741] 
 [1084]  [943]  [982]  [879]  [1190]  [1020]  [864]  [910]  [1001]  [951]  [933]  [932]  [1048]  [1267]  [1105]  [1040]  [1013]  [902]  [1039]  [976]  [1066]  [934]  [1045]  [1013]  [1124]  [1165]  [1010]  [855]  [1176]  [973]  [1080]  [916] 
 [636]  [708]  [668]  [664]  [662]  [757]  [587]  [583]  [668]  [642]  [573]  [669]  [732]  [833]  [741]  [823]  [588]  [777]  [788]  [648]  [552]  [665]  [723]  [661]  [934]  [832]  [704]  [476]  [746]  [667]  [634]  [656] 
 [850]  [784]  [799]  [737]  [907]  [899]  [632]  [887]  [756]  [891]  [864]  [818]  [956]  [1044]  [895]  [759]  [841]  [901]  [870]  [793]  [721]  [807]  [929]  [1003]  [879]  [966]  [829]  [655]  [975]  [903]  [777]  [707] 
 [718]  [699]  [648]  [641]  [896]  [731]  [586]  [709]  [690]  [677]  [662]  [636]  [835]  [872]  [730]  [616]  [731]  [724]  [679]  [735]  [796]  [672]  [684]  [784]  [813]  [753]  [718]  [643]  [804]  [711]  [641]  [634] 
 [687]  [646]  [583]  [771]  [720]  [640]  [486]  [645]  [674]  [602]  [656]  [579]  [577]  [853]  [660]  [829]  [677]  [739]  [702]  [623]  [650]  [648]  [621]  [657]  [816]  [742]  [617]  [696]  [804]  [772]  [751]  [623] 
 [760]  [705]  [705]  [766]  [827]  [645]  [645]  [714]  [654]  [854]  [669]  [595]  [799]  [960]  [868]  [788]  [747]  [838]  [770]  [717]  [751]  [672]  [808]  [822]  [808]  [729]  [634]  [746]  [817]  [752]  [791]  [584] 
 [748]  [726]  [717]  [742]  [878]  [794]  [614]  [730]  [740]  [773]  [685]  [805]  [752]  [956]  [803]  [824]  [711]  [637]  [672]  [806]  [753]  [762]  [824]  [875]  [723]  [830]  [841]  [599]  [965]  [797]  [853]  [657] 
 [913]  [904]  [925]  [727]  [1009]  [795]  [678]  [903]  [770]  [957]  [772]  [838]  [954]  [1131]  [986]  [942]  [998]  [959]  [849]  [876]  [828]  [826]  [1053]  [995]  [998]  [1057]  [751]  [798]  [976]  [915]  [821]  [772] 
 [927]  [853]  [853]  [950]  [1165]  [920]  [744]  [884]  [852]  [888]  [963]  [752]  [919]  [1159]  [969]  [931]  [897]  [959]  [907]  [925]  [833]  [778]  [960]  [964]  [921]  [937]  [840]  [918]  [963]  [937]  [872]  [745] 
 [862]  [749]  [782]  [816]  [854]  [811]  [620]  [863]  [717]  [839]  [797]  [774]  [905]  [1100]  [793]  [889]  [779]  [875]  [921]  [842]  [751]  [708]  [899]  [936]  [885]  [909]  [877]  [774]  [898]  [836]  [865]  [660] 
 [598]  [559]  [625]  [643]  [735]  [667]  [497]  [697]  [599]  [611]  [574]  [548]  [654]  [806]  [650]  [713]  [687]  [710]  [729]  [608]  [494]  [644]  [695]  [705]  [721]  [749]  [539]  [532]  [738]  [736]  [592]  [575] 
 [992]  [851]  [762]  [785]  [959]  [856]  [673]  [947]  [828]  [904]  [867]  [889]  [950]  [1062]  [986]  [925]  [912]  [873]  [931]  [861]  [822]  [731]  [949]  [982]  [943]  [1067]  [828]  [844]  [1049]  [938]  [997]  [790] 
 [723]  [809]  [761]  [714]  [792]  [720]  [595]  [782]  [730]  [754]  [774]  [729]  [801]  [1071]  [790]  [797]  [842]  [773]  [892]  [734]  [649]  [700]  [691]  [779]  [967]  [882]  [777]  [784]  [903]  [774]  [740]  [698] 
 [828]  [597]  [827]  [761]  [849]  [844]  [595]  [862]  [805]  [777]  [780]  [684]  [879]  [1101]  [831]  [876]  [858]  [821]  [904]  [798]  [778]  [843]  [884]  [962]  [900]  [988]  [844]  [694]  [957]  [839]  [845]  [730] 
 [1052]  [891]  [874]  [848]  [1026]  [1045]  [783]  [991]  [976]  [1012]  [998]  [923]  [1150]  [1355]  [1155]  [935]  [975]  [1037]  [1001]  [1029]  [890]  [925]  [1130]  [1133]  [1071]  [1134]  [960]  [882]  [1114]  [979]  [951]  [855] 
 [829]  [666]  [798]  [825]  [836]  [794]  [615]  [745]  [718]  [807]  [703]  [680]  [789]  [931]  [731]  [886]  [659]  [851]  [919]  [697]  [594]  [749]  [858]  [853]  [874]  [851]  [790]  [705]  [824]  [782]  [812]  [734] 
 [855]  [707]  [817]  [716]  [951]  [842]  [655]  [848]  [814]  [789]  [739]  [750]  [879]  [1052]  [752]  [831]  [752]  [827]  [851]  [848]  [809]  [830]  [970]  [938]  [859]  [954]  [773]  [673]  [896]  [786]  [819]  [783] 
 [651]  [688]  [719]  [818]  [654]  [701]  [539]  [596]  [604]  [725]  [625]  [620]  [739]  [917]  [683]  [824]  [711]  [757]  [805]  [655]  [573]  [673]  [600]  [724]  [843]  [770]  [812]  [629]  [864]  [620]  [656]  [582] 
 [767]  [735]  [866]  [755]  [835]  [761]  [707]  [886]  [793]  [876]  [864]  [713]  [859]  [1218]  [903]  [999]  [946]  [895]  [952]  [828]  [816]  [823]  [881]  [905]  [1030]  [970]  [740]  [760]  [977]  [875]  [896]  [757] 
 [742]  [713]  [685]  [808]  [797]  [712]  [547]  [707]  [711]  [774]  [738]  [645]  [700]  [898]  [682]  [813]  [650]  [786]  [742]  [640]  [592]  [608]  [737]  [718]  [747]  [754]  [706]  [730]  [814]  [743]  [723]  [629] 
 [805]  [771]  [797]  [796]  [907]  [866]  [576]  [871]  [744]  [774]  [746]  [709]  [875]  [1040]  [794]  [794]  [804]  [862]  [811]  [766]  [751]  [801]  [878]  [900]  [846]  [832]  [790]  [752]  [849]  [866]  [749]  [695] 
 [874]  [718]  [817]  [777]  [896]  [724]  [668]  [765]  [832]  [895]  [724]  [754]  [780]  [968]  [860]  [898]  [695]  [887]  [821]  [715]  [680]  [677]  [925]  [821]  [872]  [932]  [739]  [713]  [860]  [833]  [836]  [747] 
 [965]  [919]  [962]  [889]  [984]  [1005]  [737]  [938]  [966]  [979]  [886]  [861]  [1039]  [1251]  [1032]  [994]  [854]  [1047]  [988]  [929]  [828]  [905]  [1120]  [960]  [1003]  [1061]  [933]  [890]  [1018]  [915]  [906]  [913] 
 [775]  [775]  [729]  [815]  [832]  [816]  [662]  [843]  [703]  [837]  [745]  [816]  [798]  [909]  [780]  [864]  [687]  [871]  [827]  [837]  [752]  [815]  [915]  [835]  [831]  [875]  [733]  [666]  [857]  [916]  [912]  [827] 
 [846]  [685]  [637]  [735]  [867]  [823]  [526]  [709]  [788]  [779]  [880]  [633]  [862]  [935]  [836]  [690]  [714]  [799]  [877]  [760]  [705]  [693]  [770]  [856]  [846]  [863]  [799]  [800]  [883]  [755]  [778]  [783] 
 [793]  [714]  [752]  [740]  [856]  [772]  [633]  [802]  [704]  [817]  [699]  [732]  [896]  [969]  [859]  [845]  [753]  [812]  [900]  [766]  [630]  [688]  [848]  [829]  [888]  [862]  [784]  [721]  [871]  [753]  [786]  [664] 
 [901]  [631]  [776]  [756]  [928]  [726]  [612]  [773]  [764]  [876]  [703]  [691]  [842]  [868]  [652]  [755]  [617]  [904]  [778]  [781]  [676]  [773]  [997]  [807]  [786]  [863]  [719]  [740]  [749]  [772]  [802]  [804] 
 [911]  [936]  [929]  [947]  [897]  [770]  [761]  [797]  [829]  [852]  [784]  [861]  [887]  [1161]  [949]  [970]  [945]  [915]  [1081]  [813]  [860]  [824]  [831]  [847]  [1107]  [989]  [880]  [855]  [1016]  [879]  [969]  [766] 
 [860]  [857]  [876]  [753]  [1000]  [782]  [567]  [821]  [724]  [820]  [724]  [743]  [892]  [1022]  [861]  [949]  [952]  [838]  [822]  [779]  [761]  [787]  [891]  [949]  [885]  [921]  [840]  [786]  [998]  [820]  [887]  [585] 
 [777]  [702]  [671]  [795]  [977]  [827]  [642]  [856]  [743]  [774]  [813]  [712]  [753]  [991]  [832]  [898]  [745]  [839]  [808]  [813]  [608]  [662]  [813]  [876]  [844]  [902]  [665]  [739]  [867]  [897]  [777]  [687] 
Matrix deleted
Matrix deleted
Matrix deleted
Total time: 2962130ns


------------------
(program exited with code: 0)
Press return to continue

