Enter size of n*n Matrices
8
Matrix Initialized
Matrix Initialized
Matrix Initialized

 [9]  [5]  [9]  [0]  [3]  [6]  [8]  [1] 
 [2]  [3]  [5]  [2]  [3]  [2]  [6]  [3] 
 [10]  [6]  [7]  [2]  [4]  [6]  [6]  [4] 
 [4]  [3]  [10]  [10]  [8]  [10]  [9]  [2] 
 [7]  [9]  [7]  [9]  [0]  [10]  [9]  [8] 
 [6]  [5]  [7]  [6]  [4]  [8]  [10]  [3] 
 [5]  [9]  [0]  [7]  [2]  [7]  [9]  [9] 
 [8]  [10]  [7]  [1]  [0]  [8]  [9]  [5] 

 [6]  [4]  [2]  [4]  [10]  [3]  [0]  [3] 
 [8]  [2]  [7]  [5]  [4]  [6]  [7]  [2] 
 [1]  [4]  [9]  [10]  [9]  [8]  [4]  [7] 
 [3]  [1]  [1]  [9]  [9]  [5]  [0]  [10] 
 [9]  [8]  [0]  [5]  [4]  [7]  [9]  [2] 
 [0]  [0]  [4]  [1]  [8]  [3]  [5]  [7] 
 [9]  [7]  [6]  [1]  [10]  [1]  [8]  [10] 
 [0]  [7]  [3]  [3]  [1]  [2]  [10]  [6] 

 [2076459818]  [32842]  [1668248385]  [1869837340]  [540674757]  [1869417192]  [1869417217]  [543974990] 
 [129569]  [123]  [540674543]  [1702234795]  [158098974]  [857750138]  [1701667338]  [1226848942] 
 [1919903041]  [157575703]  [1953385004]  [1661627695]  [1818588603]  [539579112]  [540371456]  [542462264] 
 [1699160363]  [1852405315]  [1713403477]  [1818848895]  [1701998839]  [692933931]  [538976563]  [541925784] 
 [540029722]  [840974570]  [1886414463]  [157773684]  [1633881053]  [543517002]  [540162133]  [1879720909] 
 [1194341649]  [1930066695]  [171254035]  [1919117897]  [1702521583]  [857750227]  [1769175649]  [543974050] 
 [1685021773]  [540674592]  [1213014322]  [973670959]  [973694369]  [1930047686]  [171188560]  [1701998735] 
 [825653515]  [1885539049]  [959656731]  [842084085]  [1768711112]  [158558250]  [157575716]  [807418656] 
Matrix deleted
Matrix deleted
Matrix deleted
Total time: 682087ns


------------------
(program exited with code: 0)
Press return to continue

