Enter size of n*n Matrices
16
Matrix Initialized
Matrix Initialized
Matrix Initialized

 [4]  [5]  [1]  [6]  [5]  [10]  [5]  [1]  [8]  [2]  [9]  [8]  [2]  [1]  [8]  [8] 
 [2]  [9]  [4]  [0]  [0]  [6]  [1]  [10]  [9]  [5]  [6]  [8]  [5]  [8]  [4]  [2] 
 [5]  [6]  [10]  [10]  [2]  [9]  [3]  [9]  [6]  [2]  [3]  [9]  [8]  [3]  [7]  [6] 
 [1]  [6]  [7]  [7]  [9]  [4]  [4]  [5]  [5]  [4]  [5]  [2]  [8]  [4]  [1]  [2] 
 [1]  [4]  [8]  [6]  [0]  [4]  [5]  [8]  [9]  [8]  [5]  [0]  [9]  [0]  [7]  [5] 
 [4]  [0]  [1]  [2]  [7]  [3]  [3]  [7]  [5]  [5]  [2]  [1]  [3]  [6]  [6]  [4] 
 [10]  [0]  [10]  [3]  [5]  [1]  [9]  [3]  [0]  [5]  [3]  [8]  [7]  [1]  [8]  [7] 
 [7]  [9]  [6]  [3]  [1]  [6]  [0]  [8]  [5]  [4]  [6]  [6]  [8]  [1]  [3]  [4] 
 [5]  [6]  [7]  [9]  [3]  [1]  [5]  [6]  [6]  [10]  [1]  [9]  [6]  [4]  [2]  [1] 
 [7]  [10]  [9]  [7]  [10]  [10]  [1]  [1]  [0]  [1]  [9]  [3]  [7]  [1]  [2]  [9] 
 [2]  [1]  [9]  [4]  [5]  [7]  [3]  [3]  [4]  [0]  [1]  [4]  [7]  [5]  [10]  [1] 
 [9]  [5]  [0]  [6]  [2]  [2]  [4]  [8]  [0]  [3]  [5]  [2]  [6]  [6]  [1]  [3] 
 [9]  [0]  [8]  [2]  [2]  [4]  [8]  [0]  [0]  [10]  [7]  [0]  [6]  [8]  [9]  [1] 
 [6]  [3]  [9]  [10]  [10]  [5]  [6]  [2]  [2]  [0]  [1]  [0]  [10]  [8]  [4]  [5] 
 [2]  [7]  [10]  [1]  [7]  [6]  [9]  [5]  [1]  [1]  [4]  [4]  [4]  [10]  [10]  [8] 
 [2]  [9]  [4]  [2]  [3]  [10]  [6]  [8]  [1]  [0]  [2]  [10]  [9]  [1]  [5]  [10] 

 [8]  [5]  [6]  [10]  [5]  [1]  [2]  [10]  [2]  [2]  [9]  [2]  [6]  [0]  [10]  [9] 
 [8]  [2]  [0]  [5]  [6]  [1]  [6]  [6]  [1]  [0]  [10]  [3]  [2]  [8]  [7]  [10] 
 [0]  [1]  [5]  [8]  [9]  [3]  [0]  [10]  [9]  [3]  [6]  [2]  [1]  [2]  [0]  [3] 
 [5]  [4]  [2]  [0]  [5]  [8]  [6]  [6]  [5]  [10]  [6]  [9]  [0]  [1]  [3]  [0] 
 [3]  [1]  [0]  [8]  [4]  [5]  [2]  [1]  [3]  [2]  [5]  [0]  [5]  [6]  [4]  [6] 
 [8]  [9]  [3]  [1]  [5]  [4]  [8]  [10]  [1]  [1]  [3]  [3]  [10]  [2]  [0]  [5] 
 [7]  [8]  [3]  [5]  [2]  [3]  [0]  [0]  [3]  [8]  [8]  [6]  [8]  [9]  [1]  [8] 
 [3]  [1]  [10]  [6]  [7]  [0]  [5]  [3]  [2]  [8]  [6]  [3]  [5]  [7]  [7]  [4] 
 [10]  [8]  [9]  [7]  [7]  [2]  [6]  [3]  [2]  [1]  [9]  [7]  [4]  [5]  [6]  [3] 
 [4]  [2]  [5]  [10]  [5]  [0]  [6]  [2]  [2]  [7]  [4]  [0]  [1]  [2]  [9]  [5] 
 [2]  [6]  [10]  [0]  [1]  [9]  [6]  [5]  [9]  [8]  [4]  [1]  [2]  [8]  [0]  [4] 
 [7]  [10]  [3]  [2]  [9]  [2]  [6]  [3]  [9]  [1]  [8]  [0]  [10]  [6]  [9]  [2] 
 [1]  [10]  [6]  [9]  [7]  [5]  [8]  [3]  [5]  [9]  [5]  [1]  [2]  [0]  [2]  [0] 
 [6]  [10]  [7]  [8]  [8]  [2]  [2]  [9]  [9]  [1]  [0]  [2]  [2]  [8]  [3]  [4] 
 [2]  [2]  [2]  [7]  [1]  [0]  [4]  [5]  [9]  [9]  [8]  [9]  [6]  [0]  [4]  [4] 
 [6]  [0]  [2]  [9]  [9]  [5]  [6]  [5]  [3]  [1]  [1]  [2]  [8]  [6]  [9]  [8] 

 [469]  [439]  [343]  [400]  [425]  [305]  [429]  [416]  [382]  [340]  [491]  [299]  [455]  [370]  [374]  [399] 
 [424]  [440]  [441]  [452]  [489]  [189]  [408]  [412]  [371]  [301]  [466]  [223]  [351]  [398]  [393]  [354] 
 [477]  [487]  [442]  [533]  [600]  [309]  [481]  [545]  [470]  [446]  [588]  [344]  [455]  [370]  [438]  [398] 
 [329]  [354]  [332]  [430]  [423]  [274]  [339]  [351]  [331]  [349]  [419]  [217]  [267]  [331]  [282]  [311] 
 [346]  [351]  [414]  [489]  [440]  [241]  [396]  [369]  [345]  [448]  [472]  [300]  [296]  [294]  [334]  [320] 
 [285]  [268]  [294]  [404]  [319]  [156]  [255]  [271]  [256]  [276]  [312]  [190]  [274]  [257]  [294]  [278] 
 [343]  [365]  [334]  [540]  [447]  [235]  [299]  [396]  [420]  [397]  [488]  [231]  [403]  [289]  [388]  [384] 
 [382]  [374]  [388]  [449]  [466]  [225]  [404]  [426]  [331]  [325]  [479]  [208]  [335]  [310]  [389]  [358] 
 [408]  [406]  [372]  [491]  [497]  [220]  [370]  [380]  [370]  [386]  [512]  [251]  [310]  [328]  [426]  [335] 
 [405]  [371]  [319]  [475]  [491]  [362]  [419]  [516]  [384]  [330]  [477]  [218]  [383]  [355]  [351]  [443] 
 [278]  [350]  [282]  [395]  [372]  [199]  [281]  [374]  [369]  [311]  [382]  [247]  [307]  [220]  [221]  [248] 
 [314]  [317]  [321]  [371]  [343]  [198]  [286]  [331]  [260]  [315]  [352]  [179]  [253]  [278]  [317]  [308] 
 [308]  [383]  [366]  [504]  [352]  [213]  [274]  [419]  [403]  [404]  [398]  [224]  [290]  [256]  [283]  [355] 
 [358]  [400]  [316]  [515]  [468]  [308]  [320]  [452]  [389]  [377]  [432]  [273]  [319]  [302]  [288]  [350] 
 [406]  [410]  [355]  [555]  [500]  [259]  [339]  [479]  [470]  [364]  [478]  [282]  [433]  [438]  [345]  [458] 
 [422]  [419]  [314]  [450]  [505]  [249]  [428]  [407]  [351]  [328]  [477]  [232]  [475]  [379]  [390]  [403] 
Matrix deleted
Matrix deleted
Matrix deleted
Total time: 1452646ns


------------------
(program exited with code: 0)
Press return to continue

